MTD_org	=	1,	2378,	98,	78,	152,	0.5131578947368421
LKG12	=	2,	2294,	96,	-6,	152,	-0.039473684210526314
nonpv_reduction_lmr2_5	=	3,	2291,	96,	-9,	139,	-0.06474820143884892
nonpv_reduction_lmr2_3	=	4,	2289,	98,	-11,	135,	-0.08148148148148149
nonpv_reduction_lmr2_2	=	5,	2287,	98,	-13,	139,	-0.09352517985611511
LKG	=	6,	2281,	96,	-19,	143,	-0.13286713286713286
nonpv_reduction_lmr2_4	=	7,	2280,	98,	-20,	142,	-0.14084507042253522
